702 LITTERAE QUADRIMESTRES

Fue} tal 13 plastica 006 61 Ρ3016 1000 600 61105, 006 00 5010
165 00110 06 13 6311663 50 106013 y 06503110 006 06053030
(16 113261, 0610 31111 165 061503010 006 06Χ[3]560 3111 135 31-
0135. Y 351 10 hizieron 10ογ contentos 06 00 00061· meis 001
106103 06 311035 6516 negocio. Laudetur Christus.

5. Vna muger jouen y 06 11060 0316661 06 135 6300310-
535 00111163035 (16 vna populosa 610030 vino 3 6513 6353
6011 013006 30513 3 1105631 16106010 0313 50 60161106030,
006 10061105 3005 3013 006 651303 60161103 50 31103, y por
no hallas quien 16 3100356 60 10 501111031, 56 651303 351.
Todo esto 01Χο 3 un Ρ301·6 06 3001, 61 0031 13 6005010 y
31000 130 (16 06135 3 13 60056606100 06 50 06560 006 00
10100 mais 3 10 006 solia, antes 56 600660 3 031 3 11011135
06 611311030, 601110 561011 3 601611005, etiam 11611005 06
06516, 510 11100011 1611100131 10161·05; y 0615606130οο 60 6510
y otras 1106035 011135, 0310 60 vn 1660010116010, 300006 03
013006 exemplo 06 011100 006 30111113 3 0030105 13 6000- ·
ciam.

0113 010061 0610103, 006 11135 31013 06 1161013 3005 006
651303 60 0666300 11101131, y no 5010 6510, 0610 300 613 63-
1165110 0313 13 061016100 06 10061135 01135; vn Padre de
6353 006 6510 5000, 16 1131110 y 061503010 vn 013 06 506116
006 6113 6310 60 13 606013 06 50 10313 vida, y 06113100 010-
61135 130110135, y 010600 06 60016553156 y dar orden 06 111-
011 611115113031061116, y 6011 6516 11060 010005110 061560613.
Gloria 3 Dios! Estas cosas y otras 10061135 56106130165, y
3100035 meis arduas, 3 1166110 0065110 86001 001 105 111010-
nos ministros 06516 60116010; 135 003165 001 110 600600131

13511010 00 56 6Χο11630 3001. 13600110 563 61 006 600 130 110- ’

105 6061111105 53116 601131 13013 0106151030 06 1716105 560-
503165.

6. No 0611316 06 06211 006 10061105 065630 561 1666111005
60 0065113 Compafiia; 3100005 1106005 5011166105 56 1661-
11113οῗι 600 61 diuino auxili0; 01105 01061105 006 00 500

 

a 16111130 ms.

