APPENDIX IL—-Commmuffl 14 FEBRUARH 1558 953

113213, y delas 0016111133 (1116 3110311311 ya tan 111611033 por
10003.

20. La 0113 dolentia 1116 611 61 principio 06 Novienbre,
06 1111 1011130120 1311 1116116, (1116 luego traya fiebre, 061
(11131 11111110 363 mucha gente. Hera 6033 11313 1161· 103 111163-
1103 116111131103, 11010116 11333311311 3. 133 116263 103 (1116 361-
111311 1003 vna mesa 611 61310 3111 aver quien (111131636 631-
116; 10003 11601311 01613. Υ 31161106 06310 63576103 1111161103 611
631113, y 1116 1311 grande 13 063111111011 (1116 11120 611 103 111163-
1103 1113631103, 3 103 (1113163 133 0016111133 061 11613110 3111311
1161003300, (1116 1116 116366333110 y1· yo 3 1661· 13 3611111103
61336. En las 613363 11161 111363110 oya 3 103 013611111103, 111
103 013611111103 31 111363110; 11010116 601110 11110 611111663113 3 10-
361, 10(103 361101311, y 601116116311311 1311133 110263, (1116 11613
116366333110 3 103 1113631103 63116131 (1116 3631133611 11313 110-
061 1661. Τι’111036 611 6316 116111110 1311 11116113 010611 611 6333,
31131 611 61 regimiento (161 6011161, 601110 611 01133 60333 1163-
663331133 11313 661131 111613 13 001611613, (1116 113016 11111110
06310, 100163 31 561101. Los (1011611163 611 muy 110603 0133
60111131636161011.

21. Con todo este 61110300 (1116 (16 13 331110 36 111110, qui-
301311111611 61 561101· 1161131 11313 31 (1113110 116111131103 noui-
6103, aunque no 06 133 0016116133 (1116 601116. Los 1163 11111116-
1011 611 61 6016111ος 61 (1113110 611 311 116113, 3001106 10 11131103-
1011 11313 36 1131131 1116101ς 10003 6011 mucha 601116311011 y 16-
signatic'm en 13 11011111130 061 561101. Del colegio 11111110 11060
063111163 06 11336113 1101103 vn hermano y un Ρ3016. Ν1163110
561101 16 pag6 103 11303103 1311 continuos (1116 611 133 6011113-
3101163 31713 11611300, 110161116 (1630 1116113311 61116 300163610. Μ11-
110 611 311 116113, 3001106 16 16111311 1113110300 11313 331131.
Para 13 1103116 guard& 111163110 1361113100 ³, 133 111111111133 (1116
1103 363 161113 1113110300 06 ]311011 111163110 1116113116111111300>
Ρ3016 11131161360 ¹. Y 616110, 111611 1110311013 doctrina (1116

a Emend. ex Bernaldo.

 

¹ S. Franciscus Xaverius. Vide superius, pag. 247.

