956 LITTERA n: QUA DRIMESTRES

165165, 3 13 (11131 56 011115ος y 36611016 luego de 636116 611
5116116 1111 texto 11313 1661, 61 (11131 35113 vn 11165 (1116 31113

161ἀο y muy bien 5111(113(10. Ε51311(10 10(13 13“11111116151(13(1
junta, 6011161160 61 (16 1661· 511 1111011 6011 10(135 135 116135
111165135 y viento 3 popa, confiado 611 511 65111(110 y 611 13 0111-
111011 (1116 (161 10(105 16111311; y 61 110 531113 (1116 6011 3(11161
1116111016 61116113 111165110 S⁰s 1161131 3 (131 611 5660, 11313
(1116 5311656 3 116113 111116110 1116101 (11161 11116110 31 (11131 61
(165563113 (16 llegar. Yendo 111165 513 611 61 medio (161 111316
6011 grande 1101131163 y 131101 (16 105 051611165, (111150 111165110
S.⁰‘, que 161113 0113 6053 hordenada, (1116 56 01111(1356 (16
1111 principio muy 601111111, y 3 legistas (16 (105 (1135 1111151 110-
10110; 11610 61 11060 1161153113 (1116 56 01111(13113 (161 11313 (1116
(165111165 56 01111(1356 (16 51, ni entendl'a 61 311111610 (161 Se-
1101, (1116 6011 13 1130 (11161113(13 16 (1116113 113261 53111 611 116-
113 segusa. Ε111166ό56 6011 6516 01111ἀο 3 6311313631· luego,
51 desgustar (16 110 3661131, (16 confundisse, y 611 fin 11311656
(16 131 manera sin 61 531161 10 (1116 613 (11135 ξ6ό1110 31113 (16
531161 31111 6111011665 10 (1116 116131) (1116 1116 10163ἀο (16211
luego (16131116 (16 10(10 61 311(1110110, (1116 110 31113 (16 511· 1101
(16131116. ΕΙ 166101 16 (11Χο (1116 36311356 13 1111011;1161·0 61,
601110 (1111613 (1116 51113 513 101113(10 (16 (1111611 110 531113, 6011
11161161 13 1161011 1111151 111611 65111(113(13, (16566ηά1656 51111113-
11161116 (16 13 cathedra, dexando 10(105 1311 651131113ᾶο5, 601110
611 131 6350 11οά1311 (1116(131. (3011161160 3 511 (1651135 (161 11111-
111(13(1 (16 65111(11311165, 111105 11311611165, 01105 31111ςο5, 01105
11313 1161 611 (1116 11313113, 10(105 651131113ἁο5, 10(105 5111 56 53-
1161 (131· 3 60116610 por 13 110116(13(1 (16 13 6053. {Que'z 5613
esto? {Qucss 16 10111οΡ {Que' 6053 65 esta? 15311613 Marsa! (11101-
(1116 56 11111161112116 determina (16 113261 (16 ss? {Ad6nde 56
(1111616 yr? {Qun-⁵: diremos 105 (1116 11311105 110131 1101 eil? Se-
1101, ξ3(1611(16 vos vais? {No 11615 (1116 1105 (165110311315 3 10-
dos? {No 53116 10(13 6513 vniuersidad que no ay 611 6113
(1111611 vos ponga 61 1116 (161311116Ρ ΕΙ 6011 10(10 6510 11131 3(16-
131116 1111151 alegremente. Preguntare'm 3(1011(16; 3 13 116113
(1116 513 165 161113 (116110 (1116 11613 (16 aque] que 16 11121613 (131

