157.—GRANATA 30 APRILIS 1558 621

105 0110010105. 50 0οΖ11 000 50 5000100 00 10 011100 00 0110-
0100010, etc.

3. La 001010151100100 00 0005110 yglesia de los 50010-
0100105 00 000105100 y 0011100100 0 5100 5100010 110101001ἰο
y muy 0001050, 10010 000 001 00 00001 0000111 000 10010
00010 50 0000011000 0010 01105 001-105. Αἱ 00010 001000·
011000 001 0510 100010 00 1100000101 105 500100100105, 0500-
0101100010 105 001010οο5 y 1105105. Το011100 50 5010 0 00010-
501 0 105 001010105 00 10010.

4. Dos Ρο0105 00 010010000 y 01001000 00 0010100110.
ΕΙ Re Doctot· Rraml'rez 000 05 01 000, 0 5100 5100010 muy
seguid03 0010010 110110 00 0510 0111000 y 5110050 1000110
0005110 50001 00 50 ministerio. El Ρο010 Α1001000 000 05
01 0110, 0 010010000 0 105 010115οο5 00 010010010. Cierto
prouey6 0005110 50001 00510 Ρο010 0010 10100010 (10 mu-
chos 001105, 000 10 oyen, y de 0100005 01105 000 50 000110-
500 000 01. Α 1100110 0100005 5011005 0 01001001 00 0101105
00011105 00 1110115005 00010100005. Ρ10050 000 501010 00010
0 01001001, 00010501 01 ΑΙοοΧ0110, 000 500 0101105 1000105
00 100115005, 001 10 0001 051 000100 01 50001· 010001500 ¹, 0
euya 105100010 10011100 50110100 y 0510010100 1000 10 000-
105010 01105 005 Ρο0105 00 vna 0111000 1702100, 000 50 1101110
Loxa, 00000 0011001105 0001050000, y 01 000 010010000
0101105 0105 00 10 5010000, y 01 0110 00500000 10 doctrinm
010050 000 50 511010 1000110 0005110 50001 000 50 101015-
10110.

5. La doctrina christiana 50 005000 00 0005110 1010510,
000 001 10 0000 0010001000 00 110510 0001 00 50 0 1100110
00105.

6. El 50001 0100111500 05 100 0005110 00010 00 10 50111-
tual i 10000101, 00100 5100010 10 0 sido. Todos 10 501005
muy 0111100005, y 1005 00 00005 0105 000, 001 0001 1100110
50 5000110 00111100 00051105 001105, 0 001 010101 00211 00 10

001000, 00 01 0050 000 0100 000 100010 ya V. P. 0011010,

 

¹ Petrus Gerrero.

