718 LITTERAE QUADmMESTREs

4. Han sido muy 0001005 105 00051105 0010 predicar 00
0100005 0011001005 y 1000105 10010 00 0001, 000 110 5100
0101105101 000 01 Re Manuel (11050 01000 00100 50 00010-
50 5011510001 0 10 0011001011 00 10010 00010; y 010010 1001-
0100 000 010 0001051110, 50 110 1010000 11011010 00 5010 00
01001001 00 0100005 1000105, 00 00000 1100 5100 bien 0000-
105 105 sermones 001 Ρο010 Don Luis ¹ y del Ρο010 01005Δ
110 (3051000001 ‘² y Salazar ³; 0010 10100100 05105 10150105
Ρο0105 1100 ido 105 0011110005 y fiestas 0 105 00100105 y
hospitales 0 01001001· 0 00001105 0011105, (10 000 00 0000 50
han 000501000 y 0011110000 105 00 10 111110; 000 110 5100 bien
110000, 000000 110 10 1101010 5100 51 00105 (10 00010 1101010-
mos 100100 011 0510 00110010 00100 0001010 000011· 0 10 vno
y alo 0110. 13000110 500 01 50001, 000 00 010100 0 105 00-
0010010005. 11050 000510 10010010 00 505 10101000105 y 11050
001000100 00 105 00000105 00 0100005, 50000 01 instituto 00
10 0001000ῐο 110 (10(10 10001, y 0050005 00 005000 105 100- “
100 0 00010501, y 105 1100 010110 101550 00 000 00 0050. Υ
001000 01 110010 00 0510 0001051110 10050 110100150100 10-
005, 00105010 01 ΒΕ 100101 0100001 001110 105 0011110005 y
1105105 y dos (1105 00110 50111000 100500 110 Ρο010 y 005
1101010005 0 01150001· 0 105 510105105 0 105 01005 10 doctrina
christiana. En 01 1100110 110 00100 00101110 010000110, y 00 01
111000 0101100 0010000100, 001000 yuan por 105 001105 000-
101100 10 doctrina 01111511000, 1101110000 0 105 01005 000 1100
0001000111οῑ yuan 0100005 110205 quasi mill 01005, 001105 bo-
205, 510000 00 000011105, 0100 yo subsan 01 01010 y 0100020-
000 st 001 50001 10 000 0001011. Α 11001105 005105 yuan 010-
01105 1100111105 y 10000105 001000 00 10 31010510 0 00 10 010-
Ζο, 00000 50 00500000 10 00011100, 11οῑῑο 01 130010 010000

 

'⁰¹ 0100000 ms.

 

¹ Videtur indicari P. Ludovicus 00 Guzman.

P. Joannes de Castafieda.

‘⁹’ 1050 001510100 auctor innui 11100101. Utrum 100111 jam 50001005
1100110, 000 01010 nobis constat.

